ιιι-03001

000000 ,00000 000ιο 0000000000 00000000 00000
0000, 000000 et 000 00000ιο 0000, 000 0000000 000
00 00000 000 000 000000 0000000 0000000, 000000
,000 0)τίοα 0000000. 00 0000 §eine 00000000000000
00000000 00 000 0000 000, 0000 000000 000 ‘montes
0000000 00 00000000.

’0000000οῖ000αο 0000 0000000 &amca 0000000
’000 in 0000000 ale ’0000000000 0000000 000
0000000000οα0 00000000, 00 et 000000000οι 00000000οι
000. §Die 00000οι0 0000000ίο0 000, 00 000 0000οι
0000 00 0000000000, 0ιο 0000 ιι 0000000 00000000
000 (0000000000 00 00000000 00000 000000, 00000
*et 0000000000, 000000 000 0000000000 hee 0000ιο
0000 00 mangelt: 00οι 000 §tatiana 000 0000100000.
00 et 000οι0000000 00000ιο 000000, 0000 000 000
00000. 00 geminet 0000000000, 00 000000 mit 00.
000ιο 00 000 0000, 000 00 00 000 0000 000000 fei·

⁸ 000 0010000 00000 000 0οἰ000 00, 000 000 0000 mie·

0000 0000000 000 0000 0000οι000οι ein.

000 000000 00000 0000 0000 00 000 &me
000 200 00000000 000 300 (500000 00 0000000000οα0
ein. 00 germanie bet 0000000ιο 000οι300000
gina 0000ῐο 000 00. 0000 uitae 000 000ιο 00000
00 000οι 0000000 000 00000000 0000, 000 000 0000
ten 600 000 Dtt'entss, 00 (0000000 an 000ῑο 00
0000000 00 000000 00 000, 00 0000 0000000000, 000
00000000 000 0000000 ιο 000 00 0000 00000000, 000οι0
00 000 0οιιο 00000000 00000, (0000. 00 000 0000 2
00000 0 0 bei 00000 (0000000000 eines 000000000οε00 00 ,

0000οε0 000 00 00 0000000000, 000, 00 lange 00 in gv}
000 00000000, 00 00000000 mit 000 &tien 000 000 0
00000000 000 00000000οι0 000 00 0000οι00 00 000 000
0000 00οι 0000000000 00 000000 6000000 000, et 00

 

