&fimo-n

11111111111111111111111 111111 maantam? 111
11111 11111111 1111111111 1111111111 111 11
111 1111- 1111111111 111 111111 111 1111 111111 aa 111
11111 111· 1111 1111 11 m 1111 1111111111 111
eines 111111 1111111111· ,111 9111111 1111111111 &aba
11111111· ;

mie 1111111111 11111 111 111 1111111111- mat 11,
111111 111 1111111111 1111111111 {namen 111 1111111111
1111111, 11111 111111 11111111 111 11111111ῖὼ111 11111
1111111111 ,1111 111111 111· 1111111111 1111 111 neum
1111111111111111111, 1111111111111111, 11111111 111 111·
mn 111111 1111111111, 1111111111 11111111 111111 111111
11111111111111111111 111111111111111111 111, 11 met·
111 (1111111111 111111111111111, 11- 11111111 11

1111111111 111 Υ1111111111.. 11111111, uf· .
111 11111111, 1111111111-11-11111111 ⁴

im 11111111111111111111111 11111111 in ἱ

1111111111111111111111111111111111 1111111 111 1111 ,

1111111111111111111111111111111. &amantum
111 muer 1111 111111 ,“,111 1111111111 1111111111 11111111
mmm-«hatten 1111 wa 1111111111, 1111111
111 11111111111111111 11111 111111 ,111 111·
1111111. bu 11111111, „ber 11111111 1111111111 metit
11111 111111 1111, 111111111111111111111111111111
111111 111111, 111111111111111111 1111111111 „bu
611111111111111111 ,11 1111 1111111111 11111111 111
1111111111 1111111111. 1111111111, 11 111 11111111
1111111111, 111111111111111111111111 1111111111
111111. 11111111 1111111, 111 m. 111111 111 11111111,
w 111 mmmm Quum· 111 &abbata

11

τ’τΒ11 111111 111 &gemmam 11111

1

*M 1111111111 1111111111 111 111, ’1111 1111111111 ,

 

